Nr_packets_up,Nr_packets_down,Bytes_up,Bytes_down,Bursts,Bytes_in_bursts,Trace_time,Answer
25,40,3046,56087,39,27788,0.355346,https://en.wikipedia.org/wiki/Congress_of_Industrial_Organizations
22,38,2782,52990,38,28459,0.448594,https://en.wikipedia.org/wiki/Congress_of_Industrial_Organizations
23,41,2882,57635,39,29064,0.331793,https://en.wikipedia.org/wiki/Congress_of_Industrial_Organizations
25,38,3046,52992,37,25727,0.326674,https://en.wikipedia.org/wiki/Congress_of_Industrial_Organizations
26,37,3146,51443,35,23332,0.341074,https://en.wikipedia.org/wiki/Congress_of_Industrial_Organizations
24,37,2958,52631,39,27363,0.306706,https://en.wikipedia.org/wiki/Congress_of_Industrial_Organizations
23,39,2870,54539,37,26152,0.348178,https://en.wikipedia.org/wiki/Congress_of_Industrial_Organizations
27,41,3267,56351,37,26349,0.394834,https://en.wikipedia.org/wiki/Congress_of_Industrial_Organizations
24,37,2705,52633,41,28241,0.300048,https://en.wikipedia.org/wiki/Congress_of_Industrial_Organizations
24,40,2958,56088,37,24969,0.325138,https://en.wikipedia.org/wiki/Congress_of_Industrial_Organizations
25,39,3046,54540,40,28141,0.276032,https://en.wikipedia.org/wiki/Congress_of_Industrial_Organizations
25,41,3046,57636,41,28241,0.308237,https://en.wikipedia.org/wiki/Congress_of_Industrial_Organizations
25,38,3046,52993,35,24517,0.301578,https://en.wikipedia.org/wiki/Congress_of_Industrial_Organizations
25,37,3046,54082,39,28054,0.304207,https://en.wikipedia.org/wiki/Congress_of_Industrial_Organizations
25,40,3046,56089,39,26606,0.320529,https://en.wikipedia.org/wiki/Congress_of_Industrial_Organizations
27,40,3246,56087,43,29888,0.305681,https://en.wikipedia.org/wiki/Congress_of_Industrial_Organizations
26,40,3134,56087,39,28547,0.497742,https://en.wikipedia.org/wiki/Congress_of_Industrial_Organizations
25,39,3046,54539,41,28240,0.3021,https://en.wikipedia.org/wiki/Congress_of_Industrial_Organizations
23,39,2870,55988,39,29236,0.319504,https://en.wikipedia.org/wiki/Congress_of_Industrial_Organizations
22,39,2782,54540,37,24969,0.291922,https://en.wikipedia.org/wiki/Congress_of_Industrial_Organizations
24,39,2875,53423,41,28717,0.307731,https://en.wikipedia.org/wiki/Pine_Grove_Furnace_State_Park
24,37,2951,51781,39,27701,0.413714,https://en.wikipedia.org/wiki/Pine_Grove_Furnace_State_Park
22,33,2787,46436,33,22881,0.304209,https://en.wikipedia.org/wiki/Pine_Grove_Furnace_State_Park
24,36,2951,51682,33,24329,0.321553,https://en.wikipedia.org/wiki/Pine_Grove_Furnace_State_Park
22,37,2775,51781,37,25306,0.291346,https://en.wikipedia.org/wiki/Pine_Grove_Furnace_State_Park
23,34,2863,47137,35,24516,0.300115,https://en.wikipedia.org/wiki/Pine_Grove_Furnace_State_Park
22,37,2258,51781,25,16336,0.28725,https://en.wikipedia.org/wiki/Pine_Grove_Furnace_State_Park
23,36,2799,50234,37,26335,0.292369,https://en.wikipedia.org/wiki/Pine_Grove_Furnace_State_Park
20,31,2611,43338,26,17819,0.281682,https://en.wikipedia.org/wiki/Pine_Grove_Furnace_State_Park
23,38,2799,53331,29,19791,0.303122,https://en.wikipedia.org/wiki/Pine_Grove_Furnace_State_Park
25,39,3027,53423,34,23709,0.522752,https://en.wikipedia.org/wiki/Pine_Grove_Furnace_State_Park
23,37,2863,51782,37,25307,0.32981,https://en.wikipedia.org/wiki/Pine_Grove_Furnace_State_Park
24,37,2951,51781,39,28547,0.290833,https://en.wikipedia.org/wiki/Pine_Grove_Furnace_State_Park
24,36,2951,50233,39,28547,0.304658,https://en.wikipedia.org/wiki/Pine_Grove_Furnace_State_Park
24,34,2446,47961,31,22015,0.317458,https://en.wikipedia.org/wiki/Pine_Grove_Furnace_State_Park
22,37,2775,51782,21,13823,0.291921,https://en.wikipedia.org/wiki/Pine_Grove_Furnace_State_Park
24,37,2951,51782,31,21244,0.289298,https://en.wikipedia.org/wiki/Pine_Grove_Furnace_State_Park
24,37,2951,51781,37,26911,0.285714,https://en.wikipedia.org/wiki/Pine_Grove_Furnace_State_Park
23,33,2851,45590,32,23539,0.259648,https://en.wikipedia.org/wiki/Pine_Grove_Furnace_State_Park
22,38,2775,53330,34,24342,0.351762,https://en.wikipedia.org/wiki/Pine_Grove_Furnace_State_Park
18,25,2395,31851,24,14024,0.720896,https://en.wikipedia.org/wiki/Grace_Panvini
15,23,2131,30208,24,16235,0.251456,https://en.wikipedia.org/wiki/Grace_Panvini
15,20,2143,27943,19,11871,0.313873,https://en.wikipedia.org/wiki/Grace_Panvini
16,23,2231,31656,23,16147,0.281617,https://en.wikipedia.org/wiki/Grace_Panvini
15,24,1614,31756,26,17871,0.252416,https://en.wikipedia.org/wiki/Grace_Panvini
16,24,1714,31758,23,15459,0.29397,https://en.wikipedia.org/wiki/Grace_Panvini
18,23,1935,28925,29,18357,0.729682,https://en.wikipedia.org/wiki/Grace_Panvini
14,21,1256,28561,19,14078,0.298002,https://en.wikipedia.org/wiki/Grace_Panvini
17,23,2319,30208,25,17095,0.310353,https://en.wikipedia.org/wiki/Grace_Panvini
17,24,2319,31759,21,13823,0.331282,https://en.wikipedia.org/wiki/Grace_Panvini
17,24,1826,31757,27,17995,0.406546,https://en.wikipedia.org/wiki/Grace_Panvini
17,22,2319,29485,25,17095,0.33749,https://en.wikipedia.org/wiki/Grace_Panvini
15,21,1849,27113,25,16350,0.300562,https://en.wikipedia.org/wiki/Grace_Panvini
17,24,2319,31758,23,15459,0.359953,https://en.wikipedia.org/wiki/Grace_Panvini
17,24,2319,31758,19,12187,0.330834,https://en.wikipedia.org/wiki/Grace_Panvini
16,24,1714,31759,27,17228,0.296978,https://en.wikipedia.org/wiki/Grace_Panvini
15,21,2143,27114,16,9640,0.27957,https://en.wikipedia.org/wiki/Grace_Panvini
17,23,2319,30210,21,13064,0.394834,https://en.wikipedia.org/wiki/Grace_Panvini
17,23,2319,30210,27,17227,0.29749,https://en.wikipedia.org/wiki/Grace_Panvini
15,24,2131,31759,22,14614,0.2816,https://en.wikipedia.org/wiki/Grace_Panvini
15,18,2132,23494,19,13364,0.29141,https://en.wikipedia.org/wiki/Heroic_(horse)
14,18,2056,23393,15,8915,0.276498,https://en.wikipedia.org/wiki/Heroic_(horse)
14,18,2056,22571,21,13065,0.268306,https://en.wikipedia.org/wiki/Heroic_(horse)
13,19,1968,24118,21,13064,0.288338,https://en.wikipedia.org/wiki/Heroic_(horse)
13,18,1968,22570,19,12251,0.286738,https://en.wikipedia.org/wiki/Heroic_(horse)
13,19,1439,24119,20,13723,0.351232,https://en.wikipedia.org/wiki/Heroic_(horse)
14,19,2056,24119,17,9793,0.275026,https://en.wikipedia.org/wiki/Heroic_(horse)
16,18,2314,23760,17,9812,0.760401,https://en.wikipedia.org/wiki/Heroic_(horse)
14,18,2056,22570,21,13064,0.288786,https://en.wikipedia.org/wiki/Heroic_(horse)
12,17,1363,22470,15,10363,0.270866,https://en.wikipedia.org/wiki/Heroic_(horse)
14,19,2056,24120,15,8157,0.271954,https://en.wikipedia.org/wiki/Heroic_(horse)
13,19,1737,24119,17,10551,0.267794,https://en.wikipedia.org/wiki/Heroic_(horse)
13,19,1451,24118,19,11543,0.331793,https://en.wikipedia.org/wiki/Heroic_(horse)
14,17,2056,21024,15,8271,0.301138,https://en.wikipedia.org/wiki/Heroic_(horse)
14,17,2056,21667,15,8156,0.285202,https://en.wikipedia.org/wiki/Heroic_(horse)
14,19,2056,24119,19,12187,0.265746,https://en.wikipedia.org/wiki/Heroic_(horse)
12,19,1880,24119,17,9792,0.285778,https://en.wikipedia.org/wiki/Heroic_(horse)
12,19,1363,24119,15,8156,0.278034,https://en.wikipedia.org/wiki/Heroic_(horse)
14,18,2068,22571,21,13064,0.266257,https://en.wikipedia.org/wiki/Heroic_(horse)
13,18,1451,22571,19,11428,0.269841,https://en.wikipedia.org/wiki/Heroic_(horse)
11,16,1791,19502,17,10515,0.247378,https://en.wikipedia.org/wiki/Marty_Watkins
13,16,1725,19502,21,12423,0.915026,https://en.wikipedia.org/wiki/Marty_Watkins
12,17,1879,21050,18,10723,0.242194,https://en.wikipedia.org/wiki/Marty_Watkins
14,14,2056,18418,19,11571,0.627217,https://en.wikipedia.org/wiki/Marty_Watkins
13,17,1967,21049,19,10810,0.241745,https://en.wikipedia.org/wiki/Marty_Watkins
15,18,2188,21315,21,11197,0.52693,https://en.wikipedia.org/wiki/Marty_Watkins
12,15,1867,19403,13,8715,0.231954,https://en.wikipedia.org/wiki/Marty_Watkins
13,16,1967,19501,17,9934,0.250898,https://en.wikipedia.org/wiki/Marty_Watkins
13,17,1967,21051,19,11570,0.256593,https://en.wikipedia.org/wiki/Marty_Watkins
13,16,1967,20950,19,12259,0.254994,https://en.wikipedia.org/wiki/Marty_Watkins
25,17,5329,21051,17,10014,1.015378,https://en.wikipedia.org/wiki/Marty_Watkins
13,16,1967,19504,13,5905,0.250898,https://en.wikipedia.org/wiki/Marty_Watkins
12,15,1879,17956,19,10813,0.269906,https://en.wikipedia.org/wiki/Marty_Watkins
7,7,1439,6187,10,4796,0.235537,https://en.wikipedia.org/wiki/Marty_Watkins
13,16,1967,19502,19,11427,0.24629,https://en.wikipedia.org/wiki/Marty_Watkins
13,17,1967,21051,17,9792,0.246866,https://en.wikipedia.org/wiki/Marty_Watkins
12,17,1879,21050,14,8211,0.251921,https://en.wikipedia.org/wiki/Marty_Watkins
13,17,1967,21050,19,11571,0.250386,https://en.wikipedia.org/wiki/Marty_Watkins
10,16,1186,19504,15,8915,0.298002,https://en.wikipedia.org/wiki/Marty_Watkins
13,16,1967,19503,19,11571,0.294994,https://en.wikipedia.org/wiki/Marty_Watkins
14,19,1773,24591,13,6102,0.306193,https://en.wikipedia.org/wiki/Banal_Story
16,18,2241,23043,13,7108,0.275473,https://en.wikipedia.org/wiki/Banal_Story
15,20,2153,26139,19,11256,0.335442,https://en.wikipedia.org/wiki/Banal_Story
13,18,1965,24234,22,14442,0.268817,https://en.wikipedia.org/wiki/Banal_Story
15,19,2153,26040,13,7980,0.283154,https://en.wikipedia.org/wiki/Banal_Story
14,17,1536,22684,15,8732,0.911442,https://en.wikipedia.org/wiki/Banal_Story
15,17,2141,21496,21,13652,0.271954,https://en.wikipedia.org/wiki/Banal_Story
16,20,2241,26139,13,6348,0.269842,https://en.wikipedia.org/wiki/Banal_Story
17,20,2361,24806,21,12341,11.527378,https://en.wikipedia.org/wiki/Banal_Story
14,20,2053,26141,17,10615,0.267858,https://en.wikipedia.org/wiki/Banal_Story
15,20,1636,26141,23,14112,0.265746,https://en.wikipedia.org/wiki/Banal_Story
14,17,2041,22945,11,6086,0.25397,https://en.wikipedia.org/wiki/Banal_Story
14,17,2053,22686,19,12704,0.276562,https://en.wikipedia.org/wiki/Banal_Story
15,20,2141,26141,23,14530,0.276498,https://en.wikipedia.org/wiki/Banal_Story
14,20,2053,26140,21,12893,0.263698,https://en.wikipedia.org/wiki/Banal_Story
15,20,2141,26141,23,14700,0.270354,https://en.wikipedia.org/wiki/Banal_Story
15,20,2141,26141,19,12017,0.275538,https://en.wikipedia.org/wiki/Banal_Story
14,20,2041,26140,22,14429,0.257024,https://en.wikipedia.org/wiki/Banal_Story
14,19,2041,24593,22,14430,0.231937,https://en.wikipedia.org/wiki/Banal_Story
15,18,2141,25422,23,15718,0.27093,https://en.wikipedia.org/wiki/Banal_Story
18,26,2411,34145,29,18913,0.33589,https://en.wikipedia.org/wiki/Old_Globe_Theatre
17,27,2323,35692,25,15641,0.311826,https://en.wikipedia.org/wiki/Old_Globe_Theatre
17,26,2335,34144,25,14881,0.346706,https://en.wikipedia.org/wiki/Old_Globe_Theatre
18,23,2411,32144,24,16248,0.250879,https://en.wikipedia.org/wiki/Old_Globe_Theatre
16,26,2247,34145,24,14806,0.347154,https://en.wikipedia.org/wiki/Old_Globe_Theatre
18,26,2423,35335,23,15471,0.31445,https://en.wikipedia.org/wiki/Old_Globe_Theatre
14,26,2059,34146,23,13247,0.30261,https://en.wikipedia.org/wiki/Old_Globe_Theatre
17,26,2323,34145,23,14005,0.318482,https://en.wikipedia.org/wiki/Old_Globe_Theatre
18,26,2411,34146,25,17095,0.335954,https://en.wikipedia.org/wiki/Old_Globe_Theatre
17,27,2323,35693,31,20307,0.308754,https://en.wikipedia.org/wiki/Old_Globe_Theatre
16,26,1730,35599,24,17019,0.296465,https://en.wikipedia.org/wiki/Old_Globe_Theatre
17,27,2323,35694,27,17277,0.306705,https://en.wikipedia.org/wiki/Old_Globe_Theatre
18,26,2411,35592,29,19601,0.307794,https://en.wikipedia.org/wiki/Old_Globe_Theatre
18,24,2411,32238,29,18913,0.309777,https://en.wikipedia.org/wiki/Old_Globe_Theatre
18,26,2411,34144,27,17971,0.27701,https://en.wikipedia.org/wiki/Old_Globe_Theatre
18,26,2411,34144,31,19789,0.28629,https://en.wikipedia.org/wiki/Old_Globe_Theatre
18,26,2411,34145,29,18913,0.281618,https://en.wikipedia.org/wiki/Old_Globe_Theatre
18,26,2423,34145,29,18683,0.302097,https://en.wikipedia.org/wiki/Old_Globe_Theatre
24,28,4565,35787,29,18924,1.031313,https://en.wikipedia.org/wiki/Old_Globe_Theatre
20,27,2599,34408,28,18223,0.349761,https://en.wikipedia.org/wiki/Old_Globe_Theatre
12,18,1353,24664,19,12877,0.269842,https://en.wikipedia.org/wiki/WKNE
16,22,2222,29655,25,15395,0.272402,https://en.wikipedia.org/wiki/WKNE
16,22,2222,28466,23,13759,0.283729,https://en.wikipedia.org/wiki/WKNE
16,23,2222,30014,21,12123,0.270354,https://en.wikipedia.org/wiki/WKNE
16,22,2222,28466,21,12123,0.274962,https://en.wikipedia.org/wiki/WKNE
16,22,2222,28466,27,17031,0.270354,https://en.wikipedia.org/wiki/WKNE
16,20,2222,25371,21,12124,0.341586,https://en.wikipedia.org/wiki/WKNE
16,22,1717,29654,25,15394,0.291346,https://en.wikipedia.org/wiki/WKNE
16,23,2222,30014,23,13759,0.280594,https://en.wikipedia.org/wiki/WKNE
16,22,2222,29408,25,16337,0.280146,https://en.wikipedia.org/wiki/WKNE
15,23,2134,30015,22,14431,0.290834,https://en.wikipedia.org/wiki/WKNE
16,20,2222,26559,17,9611,0.283154,https://en.wikipedia.org/wiki/WKNE
15,22,2134,28468,21,12883,0.27093,https://en.wikipedia.org/wiki/WKNE
14,21,1529,28108,25,15396,0.267282,https://en.wikipedia.org/wiki/WKNE
16,22,2222,28468,21,13065,0.264722,https://en.wikipedia.org/wiki/WKNE
16,22,2222,28467,21,12124,0.27445,https://en.wikipedia.org/wiki/WKNE
15,21,2134,28108,21,12947,0.281169,https://en.wikipedia.org/wiki/WKNE
15,23,2134,30015,24,16067,0.281618,https://en.wikipedia.org/wiki/WKNE
18,25,2454,30489,29,17363,0.66357,https://en.wikipedia.org/wiki/WKNE
18,23,2443,29672,25,15844,1.106578,https://en.wikipedia.org/wiki/WKNE
16,24,2237,32944,21,14264,0.275474,https://en.wikipedia.org/wiki/Mark_Graham_(diver)
17,25,2325,33043,21,13063,0.275986,https://en.wikipedia.org/wiki/Mark_Graham_(diver)
17,23,2325,31396,21,13505,0.290833,https://en.wikipedia.org/wiki/Mark_Graham_(diver)
16,24,2249,31495,19,12199,0.292434,https://en.wikipedia.org/wiki/Mark_Graham_(diver)
17,20,2325,25303,23,13692,0.269842,https://en.wikipedia.org/wiki/Mark_Graham_(diver)
17,24,2325,31495,27,17971,0.277522,https://en.wikipedia.org/wiki/Mark_Graham_(diver)
18,25,2425,33043,25,16100,0.272978,https://en.wikipedia.org/wiki/Mark_Graham_(diver)
15,22,1913,29589,27,16965,0.281618,https://en.wikipedia.org/wiki/Mark_Graham_(diver)
17,23,2325,29947,23,14452,0.27189,https://en.wikipedia.org/wiki/Mark_Graham_(diver)
17,25,2325,32414,23,15459,0.298002,https://en.wikipedia.org/wiki/Mark_Graham_(diver)
17,24,2325,32945,21,15271,0.271441,https://en.wikipedia.org/wiki/Mark_Graham_(diver)
16,24,2237,32686,21,12058,0.272914,https://en.wikipedia.org/wiki/Mark_Graham_(diver)
17,25,2337,33046,23,14701,0.294418,https://en.wikipedia.org/wiki/Mark_Graham_(diver)
18,23,2425,29950,23,14701,0.332369,https://en.wikipedia.org/wiki/Mark_Graham_(diver)
22,23,2416,31139,31,21365,0.313362,https://en.wikipedia.org/wiki/Mark_Graham_(diver)
17,25,2325,33045,29,18602,0.342546,https://en.wikipedia.org/wiki/Mark_Graham_(diver)
17,25,2325,33045,27,16966,0.343121,https://en.wikipedia.org/wiki/Mark_Graham_(diver)
17,25,2325,33044,27,17971,0.316433,https://en.wikipedia.org/wiki/Mark_Graham_(diver)
16,23,2237,31397,21,15271,0.372754,https://en.wikipedia.org/wiki/Mark_Graham_(diver)
17,24,2313,30043,26,16223,0.70048,https://en.wikipedia.org/wiki/Mark_Graham_(diver)
14,19,2063,22612,21,11616,0.944722,https://en.wikipedia.org/wiki/K_D_Singh_Foundation
11,16,1798,19417,15,7454,0.273938,https://en.wikipedia.org/wiki/K_D_Singh_Foundation
14,18,2062,22512,19,11427,0.272913,https://en.wikipedia.org/wiki/K_D_Singh_Foundation
14,18,2062,22513,21,13064,0.28117,https://en.wikipedia.org/wiki/K_D_Singh_Foundation
17,20,2426,20718,17,7506,0.349201,https://en.wikipedia.org/wiki/K_D_Singh_Foundation
13,16,1738,18672,19,9982,0.515602,https://en.wikipedia.org/wiki/K_D_Singh_Foundation
13,18,1974,22514,15,8979,0.267345,https://en.wikipedia.org/wiki/K_D_Singh_Foundation
14,18,2062,22513,19,12187,0.270354,https://en.wikipedia.org/wiki/K_D_Singh_Foundation
12,18,1886,22513,18,11340,0.273938,https://en.wikipedia.org/wiki/K_D_Singh_Foundation
14,15,2062,20249,21,14254,0.282641,https://en.wikipedia.org/wiki/K_D_Singh_Foundation
12,19,1370,22614,20,10827,0.269906,https://en.wikipedia.org/wiki/K_D_Singh_Foundation
14,19,2063,21165,18,10651,1.146431,https://en.wikipedia.org/wiki/K_D_Singh_Foundation
15,20,2150,22707,18,9702,1.106496,https://en.wikipedia.org/wiki/K_D_Singh_Foundation
13,17,1974,21667,21,13581,0.252498,https://en.wikipedia.org/wiki/K_D_Singh_Foundation
15,17,2232,20967,19,11448,0.70357,https://en.wikipedia.org/wiki/K_D_Singh_Foundation
14,17,1533,19513,22,12434,0.704575,https://en.wikipedia.org/wiki/K_D_Singh_Foundation
14,15,2062,19318,17,11176,0.286738,https://en.wikipedia.org/wiki/K_D_Singh_Foundation
12,17,1585,20966,11,4942,0.261714,https://en.wikipedia.org/wiki/K_D_Singh_Foundation
16,17,2283,22156,17,9137,0.520273,https://en.wikipedia.org/wiki/K_D_Singh_Foundation
13,18,1457,22514,21,13064,0.292882,https://en.wikipedia.org/wiki/K_D_Singh_Foundation
13,16,1978,20119,19,11428,0.241234,https://en.wikipedia.org/wiki/Rei_Alfred_Deakin_Carter
12,16,1826,20674,13,7252,0.251922,https://en.wikipedia.org/wiki/Rei_Alfred_Deakin_Carter
13,15,1978,18501,19,11294,0.247826,https://en.wikipedia.org/wiki/Rei_Alfred_Deakin_Carter
14,16,2078,19227,23,13820,0.267282,https://en.wikipedia.org/wiki/Rei_Alfred_Deakin_Carter
13,17,1978,20774,21,12171,0.256082,https://en.wikipedia.org/wiki/Rei_Alfred_Deakin_Carter
13,17,1978,20774,21,12171,0.246801,https://en.wikipedia.org/wiki/Rei_Alfred_Deakin_Carter
12,16,1878,20119,16,9692,0.220672,https://en.wikipedia.org/wiki/Rei_Alfred_Deakin_Carter
13,17,1978,20775,21,12172,0.25141,https://en.wikipedia.org/wiki/Rei_Alfred_Deakin_Carter
12,17,1649,20774,21,12171,0.243282,https://en.wikipedia.org/wiki/Rei_Alfred_Deakin_Carter
12,17,1373,20774,19,10535,0.242706,https://en.wikipedia.org/wiki/Rei_Alfred_Deakin_Carter
11,15,1549,19128,17,11095,0.217106,https://en.wikipedia.org/wiki/Rei_Alfred_Deakin_Carter
14,18,2054,20869,18,10621,0.448513,https://en.wikipedia.org/wiki/Rei_Alfred_Deakin_Carter
13,17,1978,20775,21,12172,0.24533,https://en.wikipedia.org/wiki/Rei_Alfred_Deakin_Carter
13,17,1978,20774,15,8023,0.247826,https://en.wikipedia.org/wiki/Rei_Alfred_Deakin_Carter
11,17,1790,20775,18,11328,0.221184,https://en.wikipedia.org/wiki/Rei_Alfred_Deakin_Carter
10,16,1714,19228,16,9705,0.250898,https://en.wikipedia.org/wiki/Rei_Alfred_Deakin_Carter
13,15,1978,17679,19,11295,0.308818,https://en.wikipedia.org/wiki/Rei_Alfred_Deakin_Carter
12,16,1373,20416,19,10536,0.254482,https://en.wikipedia.org/wiki/Rei_Alfred_Deakin_Carter
16,17,2299,19490,23,12568,0.760914,https://en.wikipedia.org/wiki/Rei_Alfred_Deakin_Carter
13,17,1978,20774,19,11295,0.249362,https://en.wikipedia.org/wiki/Rei_Alfred_Deakin_Carter
14,19,1547,25772,19,13195,0.269394,"https://en.wikipedia.org/wiki/Wife,_Doctor_and_Nurse"
15,19,2152,24323,19,10988,0.26933,"https://en.wikipedia.org/wiki/Wife,_Doctor_and_Nurse"
16,20,2252,25870,21,13823,0.266769,"https://en.wikipedia.org/wiki/Wife,_Doctor_and_Nurse"
14,18,2076,22776,22,14613,0.274514,"https://en.wikipedia.org/wiki/Wife,_Doctor_and_Nurse"
14,20,1547,25871,19,12187,0.271378,"https://en.wikipedia.org/wiki/Wife,_Doctor_and_Nurse"
15,20,2152,25871,21,13383,0.280594,"https://en.wikipedia.org/wiki/Wife,_Doctor_and_Nurse"
17,23,2338,26382,23,13672,11.547922,"https://en.wikipedia.org/wiki/Wife,_Doctor_and_Nurse"
15,16,2152,20502,21,13383,0.281618,"https://en.wikipedia.org/wiki/Wife,_Doctor_and_Nurse"
14,16,2052,20868,14,7616,0.251904,"https://en.wikipedia.org/wiki/Wife,_Doctor_and_Nurse"
16,19,2252,24325,23,14262,0.26837,"https://en.wikipedia.org/wiki/Wife,_Doctor_and_Nurse"
12,19,1888,24323,20,12975,0.276498,"https://en.wikipedia.org/wiki/Wife,_Doctor_and_Nurse"
15,20,2152,25871,19,10988,0.268306,"https://en.wikipedia.org/wiki/Wife,_Doctor_and_Nurse"
14,20,1825,25872,23,14261,0.275986,"https://en.wikipedia.org/wiki/Wife,_Doctor_and_Nurse"
15,20,2152,24587,22,13700,1.166912,"https://en.wikipedia.org/wiki/Wife,_Doctor_and_Nurse"
14,20,2076,25873,20,12538,0.268306,"https://en.wikipedia.org/wiki/Wife,_Doctor_and_Nurse"
15,20,2152,25872,15,7717,0.270866,"https://en.wikipedia.org/wiki/Wife,_Doctor_and_Nurse"
15,20,2152,25873,23,14262,0.266322,"https://en.wikipedia.org/wiki/Wife,_Doctor_and_Nurse"
12,19,1359,24324,14,8815,0.245248,"https://en.wikipedia.org/wiki/Wife,_Doctor_and_Nurse"
16,21,2228,25966,23,13234,0.278034,"https://en.wikipedia.org/wiki/Wife,_Doctor_and_Nurse"
16,17,3297,23865,11,6463,1.09525,"https://en.wikipedia.org/wiki/Wife,_Doctor_and_Nurse"
14,17,2047,21095,19,12187,0.272978,https://en.wikipedia.org/wiki/DGCR5
13,18,1959,22642,19,10855,0.28981,https://en.wikipedia.org/wiki/DGCR5
12,17,1871,21668,16,10463,0.251922,https://en.wikipedia.org/wiki/DGCR5
13,18,1959,22642,19,12251,0.28117,https://en.wikipedia.org/wiki/DGCR5
14,17,2047,21917,19,12187,0.275986,https://en.wikipedia.org/wiki/DGCR5
14,16,2047,19546,19,12187,0.282641,https://en.wikipedia.org/wiki/DGCR5
12,17,1871,21917,15,8979,0.273426,https://en.wikipedia.org/wiki/DGCR5
13,16,1959,20734,19,11427,0.339026,https://en.wikipedia.org/wiki/DGCR5
14,19,2047,22755,22,13177,0.487424,https://en.wikipedia.org/wiki/DGCR5
11,16,1783,19873,17,9817,0.857152,https://en.wikipedia.org/wiki/DGCR5
12,18,1871,22642,17,10043,0.303698,https://en.wikipedia.org/wiki/DGCR5
14,15,2047,18000,21,12493,0.285202,https://en.wikipedia.org/wiki/DGCR5
13,18,1959,22643,17,10551,0.286738,https://en.wikipedia.org/wiki/DGCR5
14,17,2047,22544,19,12877,0.293906,https://en.wikipedia.org/wiki/DGCR5
14,19,2035,22737,16,8985,0.444992,https://en.wikipedia.org/wiki/DGCR5
12,18,1871,22644,16,9705,0.29749,https://en.wikipedia.org/wiki/DGCR5
13,18,1895,22644,21,13223,0.27445,https://en.wikipedia.org/wiki/DGCR5
14,17,2047,21095,19,12187,0.279634,https://en.wikipedia.org/wiki/DGCR5
15,19,2225,22772,19,10545,1.124946,https://en.wikipedia.org/wiki/DGCR5
13,17,1232,22283,21,13075,0.270865,https://en.wikipedia.org/wiki/DGCR5
14,21,2059,27543,21,13581,0.26933,https://en.wikipedia.org/wiki/Gustavo_Falciroli
12,21,1883,27543,19,11112,0.273938,https://en.wikipedia.org/wiki/Gustavo_Falciroli
15,21,2147,27543,17,10551,0.279058,https://en.wikipedia.org/wiki/Gustavo_Falciroli
21,25,3924,33385,22,13679,1.07168,https://en.wikipedia.org/wiki/Gustavo_Falciroli
12,18,1637,22900,16,10210,0.240704,https://en.wikipedia.org/wiki/Gustavo_Falciroli
15,21,2159,27542,19,12199,0.271891,https://en.wikipedia.org/wiki/Gustavo_Falciroli
11,19,1795,25270,16,10463,0.274962,https://en.wikipedia.org/wiki/Gustavo_Falciroli
14,20,2059,25996,14,8511,0.272914,https://en.wikipedia.org/wiki/Gustavo_Falciroli
11,20,1497,26310,15,10104,0.321618,https://en.wikipedia.org/wiki/Gustavo_Falciroli
13,19,1907,26460,17,10753,0.268818,https://en.wikipedia.org/wiki/Gustavo_Falciroli
17,22,1818,27638,24,14467,0.500736,https://en.wikipedia.org/wiki/Gustavo_Falciroli
14,17,2059,21666,15,8155,0.275024,https://en.wikipedia.org/wiki/Gustavo_Falciroli
15,22,2192,27808,24,14997,0.434256,https://en.wikipedia.org/wiki/Gustavo_Falciroli
15,20,2147,25996,23,14385,0.300048,https://en.wikipedia.org/wiki/Gustavo_Falciroli
15,20,1642,25995,17,9476,0.321615,https://en.wikipedia.org/wiki/Gustavo_Falciroli
12,21,1871,27544,20,12964,0.273408,https://en.wikipedia.org/wiki/Gustavo_Falciroli
14,21,2059,27545,20,12662,0.280081,https://en.wikipedia.org/wiki/Gustavo_Falciroli
15,21,2147,27544,23,15144,0.281616,https://en.wikipedia.org/wiki/Gustavo_Falciroli
11,17,1783,23115,17,12568,0.094225,https://en.wikipedia.org/wiki/Gustavo_Falciroli
15,21,2147,27544,25,16021,0.282639,https://en.wikipedia.org/wiki/Gustavo_Falciroli
16,20,2244,25260,15,7876,0.294419,https://en.wikipedia.org/wiki/Briege_McKenna
14,23,1570,27589,23,13298,0.695378,https://en.wikipedia.org/wiki/Briege_McKenna
17,23,2390,27649,23,13586,1.136722,https://en.wikipedia.org/wiki/Briege_McKenna
15,21,2144,26808,17,8741,0.282131,https://en.wikipedia.org/wiki/Briege_McKenna
15,20,2144,26449,23,14408,0.298515,https://en.wikipedia.org/wiki/Briege_McKenna
16,20,2244,25261,21,13077,0.290899,https://en.wikipedia.org/wiki/Briege_McKenna
37,38,7350,37854,37,16206,0.891988,https://en.wikipedia.org/wiki/Briege_McKenna
29,36,6572,32997,36,15034,1.098815,https://en.wikipedia.org/wiki/Briege_McKenna
6,9,540,10244,10,5555,0.276561,https://en.wikipedia.org/wiki/Briege_McKenna
15,19,2144,25162,21,13463,0.291858,https://en.wikipedia.org/wiki/Briege_McKenna
15,21,2144,26808,23,13649,0.301587,https://en.wikipedia.org/wiki/Briege_McKenna
20,21,3264,26810,24,16284,0.286803,https://en.wikipedia.org/wiki/Briege_McKenna
14,21,1539,26808,25,15285,0.295956,https://en.wikipedia.org/wiki/Briege_McKenna
15,20,2156,25261,22,13574,0.28213,https://en.wikipedia.org/wiki/Briege_McKenna
13,21,1968,26810,16,8655,0.28469,https://en.wikipedia.org/wiki/Briege_McKenna
20,20,2736,25260,23,14699,0.288849,https://en.wikipedia.org/wiki/Briege_McKenna
10,13,1175,17854,17,13188,0.283648,https://en.wikipedia.org/wiki/Briege_McKenna
12,19,1868,25161,15,9818,0.088082,https://en.wikipedia.org/wiki/Briege_McKenna
15,21,2144,26808,19,11137,0.281683,https://en.wikipedia.org/wiki/Briege_McKenna
16,21,2256,25984,13,6467,0.504851,https://en.wikipedia.org/wiki/Briege_McKenna
115,113,21609,58171,109,27471,0.507923,"https://en.wikipedia.org/wiki/Hail_Ridge,_Kansas"
14,18,2060,22212,17,9792,0.367698,"https://en.wikipedia.org/wiki/Hail_Ridge,_Kansas"
14,18,2060,22211,17,8788,0.313362,"https://en.wikipedia.org/wiki/Hail_Ridge,_Kansas"
14,18,2060,22212,19,12187,0.333325,"https://en.wikipedia.org/wiki/Hail_Ridge,_Kansas"
14,18,2060,22213,19,12187,0.351823,"https://en.wikipedia.org/wiki/Hail_Ridge,_Kansas"
14,18,2060,22213,19,11429,0.27035,"https://en.wikipedia.org/wiki/Hail_Ridge,_Kansas"
13,18,1972,22212,21,13064,0.269841,"https://en.wikipedia.org/wiki/Hail_Ridge,_Kansas"
14,17,2060,20664,17,10551,0.288849,"https://en.wikipedia.org/wiki/Hail_Ridge,_Kansas"
13,17,1972,20663,19,11427,0.272912,"https://en.wikipedia.org/wiki/Hail_Ridge,_Kansas"
14,18,2060,22213,19,12187,0.263698,"https://en.wikipedia.org/wiki/Hail_Ridge,_Kansas"
14,18,2060,22213,19,11428,0.27349,"https://en.wikipedia.org/wiki/Hail_Ridge,_Kansas"
16,18,2281,21931,21,13261,0.274962,"https://en.wikipedia.org/wiki/Hail_Ridge,_Kansas"
17,20,2364,22889,19,11009,0.680017,"https://en.wikipedia.org/wiki/Hail_Ridge,_Kansas"
12,18,1884,22213,12,7191,0.320532,"https://en.wikipedia.org/wiki/Hail_Ridge,_Kansas"
13,18,1984,22213,14,8827,0.275538,"https://en.wikipedia.org/wiki/Hail_Ridge,_Kansas"
11,18,1796,22213,16,10463,0.30773,"https://en.wikipedia.org/wiki/Hail_Ridge,_Kansas"
13,18,1455,22213,17,9549,0.27957,"https://en.wikipedia.org/wiki/Hail_Ridge,_Kansas"
31,32,4520,25201,39,15512,0.783442,"https://en.wikipedia.org/wiki/Hail_Ridge,_Kansas"
10,18,1708,22213,14,8827,0.280594,"https://en.wikipedia.org/wiki/Hail_Ridge,_Kansas"
12,18,1884,22212,18,12099,0.303122,"https://en.wikipedia.org/wiki/Hail_Ridge,_Kansas"
16,22,2290,28179,15,8915,0.303698,"https://en.wikipedia.org/wiki/National_Register_of_Historic_Places_listings_in_Telfair_County,_Georgia"
19,22,2648,28179,19,12218,0.659028,"https://en.wikipedia.org/wiki/National_Register_of_Historic_Places_listings_in_Telfair_County,_Georgia"
13,22,2026,28181,15,7688,0.284178,"https://en.wikipedia.org/wiki/National_Register_of_Historic_Places_listings_in_Telfair_County,_Georgia"
11,22,1850,28181,16,10463,0.288786,"https://en.wikipedia.org/wiki/National_Register_of_Historic_Places_listings_in_Telfair_County,_Georgia"
14,22,2114,28180,10,4328,0.326226,"https://en.wikipedia.org/wiki/National_Register_of_Historic_Places_listings_in_Telfair_County,_Georgia"
11,22,1850,28179,14,8827,0.368146,"https://en.wikipedia.org/wiki/National_Register_of_Historic_Places_listings_in_Telfair_County,_Georgia"
16,22,2290,28179,23,14699,0.293395,"https://en.wikipedia.org/wiki/National_Register_of_Historic_Places_listings_in_Telfair_County,_Georgia"
9,23,1662,28275,13,6503,0.4112,"https://en.wikipedia.org/wiki/National_Register_of_Historic_Places_listings_in_Telfair_County,_Georgia"
12,22,1938,28180,14,8068,0.301586,"https://en.wikipedia.org/wiki/National_Register_of_Historic_Places_listings_in_Telfair_County,_Georgia"
12,22,1938,28180,15,8915,0.316434,"https://en.wikipedia.org/wiki/National_Register_of_Historic_Places_listings_in_Telfair_County,_Georgia"
14,21,2114,27860,20,13735,0.298066,"https://en.wikipedia.org/wiki/National_Register_of_Historic_Places_listings_in_Telfair_County,_Georgia"
16,21,2290,26633,13,6053,0.317459,"https://en.wikipedia.org/wiki/National_Register_of_Historic_Places_listings_in_Telfair_County,_Georgia"
16,22,2290,28181,15,6930,0.296466,"https://en.wikipedia.org/wiki/National_Register_of_Historic_Places_listings_in_Telfair_County,_Georgia"
13,22,2038,28180,12,7191,0.344147,"https://en.wikipedia.org/wiki/National_Register_of_Historic_Places_listings_in_Telfair_County,_Georgia"
16,22,2290,28180,23,13473,0.294415,"https://en.wikipedia.org/wiki/National_Register_of_Historic_Places_listings_in_Telfair_County,_Georgia"
14,22,1308,28182,23,14701,0.318482,"https://en.wikipedia.org/wiki/National_Register_of_Historic_Places_listings_in_Telfair_County,_Georgia"
16,22,2290,28180,25,16335,0.29141,"https://en.wikipedia.org/wiki/National_Register_of_Historic_Places_listings_in_Telfair_County,_Georgia"
13,22,2038,28181,18,12111,0.285714,"https://en.wikipedia.org/wiki/National_Register_of_Historic_Places_listings_in_Telfair_County,_Georgia"
16,22,2290,28180,15,8155,0.304146,"https://en.wikipedia.org/wiki/National_Register_of_Historic_Places_listings_in_Telfair_County,_Georgia"
8,9,1586,9284,12,6433,0.267794,"https://en.wikipedia.org/wiki/National_Register_of_Historic_Places_listings_in_Telfair_County,_Georgia"
12,19,1868,22452,17,10533,1.167936,https://en.wikipedia.org/wiki/Itabashi-shuku
14,18,2056,22359,19,12187,0.282642,https://en.wikipedia.org/wiki/Itabashi-shuku
12,15,1880,17716,12,6335,0.28981,https://en.wikipedia.org/wiki/Itabashi-shuku
20,21,2584,22641,21,10047,0.684114,https://en.wikipedia.org/wiki/Itabashi-shuku
17,18,2936,22358,19,10978,1.162322,https://en.wikipedia.org/wiki/Itabashi-shuku
12,18,1880,22359,14,8827,0.272402,https://en.wikipedia.org/wiki/Itabashi-shuku
14,18,2056,22359,13,6423,0.30677,https://en.wikipedia.org/wiki/Itabashi-shuku
12,18,1880,22358,10,5555,0.293394,https://en.wikipedia.org/wiki/Itabashi-shuku
21,24,2793,23553,21,7616,11.57653,https://en.wikipedia.org/wiki/Itabashi-shuku
14,17,2056,20811,11,4028,0.318546,https://en.wikipedia.org/wiki/Itabashi-shuku
15,18,2168,22360,21,12221,0.298002,https://en.wikipedia.org/wiki/Itabashi-shuku
13,18,1737,22361,21,13065,0.299027,https://en.wikipedia.org/wiki/Itabashi-shuku
13,17,1968,20812,19,10573,0.277587,https://en.wikipedia.org/wiki/Itabashi-shuku
14,17,2056,20812,21,12209,0.291347,https://en.wikipedia.org/wiki/Itabashi-shuku
14,18,2056,22359,19,11427,0.30773,https://en.wikipedia.org/wiki/Itabashi-shuku
14,18,2056,22361,13,7279,0.273491,https://en.wikipedia.org/wiki/Itabashi-shuku
14,18,2056,22360,19,12187,0.27957,https://en.wikipedia.org/wiki/Itabashi-shuku
14,18,2056,22361,21,13065,0.274451,https://en.wikipedia.org/wiki/Itabashi-shuku
14,18,2056,22360,17,9792,0.281619,https://en.wikipedia.org/wiki/Itabashi-shuku
14,18,2056,22360,19,12187,0.271441,https://en.wikipedia.org/wiki/Itabashi-shuku
14,19,2064,24544,15,8915,0.293394,https://en.wikipedia.org/wiki/Mostafa_Salimi_(mayor)
14,19,2064,24546,19,12187,0.303635,https://en.wikipedia.org/wiki/Mostafa_Salimi_(mayor)
14,19,2064,24546,9,4007,0.328274,https://en.wikipedia.org/wiki/Mostafa_Salimi_(mayor)
14,19,2064,24545,19,12187,0.278034,https://en.wikipedia.org/wiki/Mostafa_Salimi_(mayor)
14,19,2064,24546,13,6521,0.276498,https://en.wikipedia.org/wiki/Mostafa_Salimi_(mayor)
16,20,2285,24809,23,13449,1.018451,https://en.wikipedia.org/wiki/Mostafa_Salimi_(mayor)
13,18,1976,22996,21,13063,0.290833,https://en.wikipedia.org/wiki/Mostafa_Salimi_(mayor)
12,19,1888,24545,20,12976,0.298,https://en.wikipedia.org/wiki/Mostafa_Salimi_(mayor)
13,19,1976,24545,19,12187,0.280596,https://en.wikipedia.org/wiki/Mostafa_Salimi_(mayor)
14,19,2064,24547,21,13065,0.313934,https://en.wikipedia.org/wiki/Mostafa_Salimi_(mayor)
14,19,2064,24545,19,11427,0.279053,https://en.wikipedia.org/wiki/Mostafa_Salimi_(mayor)
14,19,2064,24545,21,13063,0.316941,https://en.wikipedia.org/wiki/Mostafa_Salimi_(mayor)
13,18,1976,22998,17,10551,0.32059,https://en.wikipedia.org/wiki/Mostafa_Salimi_(mayor)
15,20,2140,24639,12,5713,0.573504,https://en.wikipedia.org/wiki/Mostafa_Salimi_(mayor)
14,18,2064,23215,19,12187,0.440847,https://en.wikipedia.org/wiki/Mostafa_Salimi_(mayor)
14,19,2064,24546,17,9792,0.38357,https://en.wikipedia.org/wiki/Mostafa_Salimi_(mayor)
13,19,1976,24547,13,6521,0.306193,https://en.wikipedia.org/wiki/Mostafa_Salimi_(mayor)
15,19,2152,24546,11,4884,0.411217,https://en.wikipedia.org/wiki/Mostafa_Salimi_(mayor)
14,19,2064,24547,17,10551,0.30312,https://en.wikipedia.org/wiki/Mostafa_Salimi_(mayor)
14,19,2064,24545,21,13063,0.303633,https://en.wikipedia.org/wiki/Mostafa_Salimi_(mayor)
12,22,1883,28910,20,12976,0.313937,https://en.wikipedia.org/wiki/%C4%B6%C4%ABpsala
16,22,2235,28911,19,11429,0.29032,https://en.wikipedia.org/wiki/%C4%B6%C4%ABpsala
15,22,2147,28910,17,9792,0.320018,https://en.wikipedia.org/wiki/%C4%B6%C4%ABpsala
16,22,2235,28909,19,12187,0.316499,https://en.wikipedia.org/wiki/%C4%B6%C4%ABpsala
17,23,2368,29174,23,14175,0.316432,https://en.wikipedia.org/wiki/%C4%B6%C4%ABpsala
15,22,2147,28910,17,9295,0.283153,https://en.wikipedia.org/wiki/%C4%B6%C4%ABpsala
16,22,2235,28909,23,14202,0.292885,https://en.wikipedia.org/wiki/%C4%B6%C4%ABpsala
16,22,2235,28909,23,15459,0.309331,https://en.wikipedia.org/wiki/%C4%B6%C4%ABpsala
17,22,2335,28911,21,13327,0.298003,https://en.wikipedia.org/wiki/%C4%B6%C4%ABpsala
16,22,2235,28911,23,14963,0.33845,https://en.wikipedia.org/wiki/%C4%B6%C4%ABpsala
15,22,2147,28911,19,10932,0.286291,https://en.wikipedia.org/wiki/%C4%B6%C4%ABpsala
28,22,5597,28911,21,14045,1.135698,https://en.wikipedia.org/wiki/%C4%B6%C4%ABpsala
16,22,2235,28911,15,8915,0.284689,https://en.wikipedia.org/wiki/%C4%B6%C4%ABpsala
14,21,2059,27362,22,14611,0.303697,https://en.wikipedia.org/wiki/%C4%B6%C4%ABpsala
16,22,2235,28911,21,13064,0.294418,https://en.wikipedia.org/wiki/%C4%B6%C4%ABpsala
16,22,2235,28910,19,11691,0.34152,https://en.wikipedia.org/wiki/%C4%B6%C4%ABpsala
13,21,1959,27363,18,11328,0.249344,https://en.wikipedia.org/wiki/%C4%B6%C4%ABpsala
15,22,2159,28912,21,14340,0.289873,https://en.wikipedia.org/wiki/%C4%B6%C4%ABpsala
16,23,2223,29005,17,9085,0.413712,https://en.wikipedia.org/wiki/%C4%B6%C4%ABpsala
14,22,1995,28911,19,12115,0.330835,https://en.wikipedia.org/wiki/%C4%B6%C4%ABpsala
11,20,1561,25681,13,6714,0.367635,https://en.wikipedia.org/wiki/Gareth_Milasinovich
13,20,1973,25682,17,9792,0.298514,https://en.wikipedia.org/wiki/Gareth_Milasinovich
13,20,1737,25683,13,7279,0.298578,https://en.wikipedia.org/wiki/Gareth_Milasinovich
14,20,1825,25682,15,8915,0.286226,https://en.wikipedia.org/wiki/Gareth_Milasinovich
15,20,2149,25681,21,13063,0.326673,https://en.wikipedia.org/wiki/Gareth_Milasinovich
15,20,1668,25683,19,12199,0.278547,https://en.wikipedia.org/wiki/Gareth_Milasinovich
15,20,2161,25683,15,8927,0.295505,https://en.wikipedia.org/wiki/Gareth_Milasinovich
16,20,2249,25681,21,13063,0.306192,https://en.wikipedia.org/wiki/Gareth_Milasinovich
13,20,1973,25681,21,12951,0.343057,https://en.wikipedia.org/wiki/Gareth_Milasinovich
16,20,2249,25682,23,14711,0.277076,https://en.wikipedia.org/wiki/Gareth_Milasinovich
14,18,2061,22586,17,9923,0.308245,https://en.wikipedia.org/wiki/Gareth_Milasinovich
16,21,2225,25776,20,10869,1.004608,https://en.wikipedia.org/wiki/Gareth_Milasinovich
14,20,2073,25683,19,11571,0.332371,https://en.wikipedia.org/wiki/Gareth_Milasinovich
15,20,2149,25683,21,13064,0.300564,https://en.wikipedia.org/wiki/Gareth_Milasinovich
14,20,2061,25682,17,9923,0.29186,https://en.wikipedia.org/wiki/Gareth_Milasinovich
13,20,1737,25684,15,8351,0.29602,https://en.wikipedia.org/wiki/Gareth_Milasinovich
16,20,2249,25683,23,14711,0.287763,https://en.wikipedia.org/wiki/Gareth_Milasinovich
16,20,2249,25684,23,14021,0.339476,https://en.wikipedia.org/wiki/Gareth_Milasinovich
17,19,2361,25324,17,9693,0.310869,https://en.wikipedia.org/wiki/Gareth_Milasinovich
15,20,2149,25683,23,14072,0.287762,https://en.wikipedia.org/wiki/Gareth_Milasinovich
12,17,1364,20677,15,7166,0.28418,https://en.wikipedia.org/wiki/Cedric_Mingiedi
7,16,1429,19131,8,3907,0.230912,https://en.wikipedia.org/wiki/Cedric_Mingiedi
12,17,1881,20677,16,8714,0.324692,https://en.wikipedia.org/wiki/Cedric_Mingiedi
16,18,2290,20943,21,10825,0.474644,https://en.wikipedia.org/wiki/Cedric_Mingiedi
11,17,1793,20678,16,9474,0.263188,https://en.wikipedia.org/wiki/Cedric_Mingiedi
13,17,1981,20678,22,13635,0.306259,https://en.wikipedia.org/wiki/Cedric_Mingiedi
11,18,1781,20772,10,3318,0.941121,https://en.wikipedia.org/wiki/Cedric_Mingiedi
12,15,1364,17583,19,10440,0.303123,https://en.wikipedia.org/wiki/Cedric_Mingiedi
13,17,1969,20679,15,7926,0.283667,https://en.wikipedia.org/wiki/Cedric_Mingiedi
12,17,1881,20680,13,6291,0.324692,https://en.wikipedia.org/wiki/Cedric_Mingiedi
10,17,1705,20679,13,6520,0.287756,https://en.wikipedia.org/wiki/Cedric_Mingiedi
13,17,1969,20680,13,6291,0.365584,https://en.wikipedia.org/wiki/Cedric_Mingiedi
14,17,2069,20679,23,13724,0.303694,https://en.wikipedia.org/wiki/Cedric_Mingiedi
14,17,2069,20679,17,9563,0.341008,https://en.wikipedia.org/wiki/Cedric_Mingiedi
13,17,1969,20679,17,9563,0.44296,https://en.wikipedia.org/wiki/Cedric_Mingiedi
13,17,1969,20678,21,12075,0.275474,https://en.wikipedia.org/wiki/Cedric_Mingiedi
12,17,1881,20680,19,11263,0.279057,https://en.wikipedia.org/wiki/Cedric_Mingiedi
6,17,1353,20678,6,2283,0.290833,https://en.wikipedia.org/wiki/Cedric_Mingiedi
11,15,1781,17583,19,11888,0.246784,https://en.wikipedia.org/wiki/Cedric_Mingiedi
13,16,1969,20119,17,9792,0.289808,https://en.wikipedia.org/wiki/Cedric_Mingiedi
14,18,2052,22887,13,6952,0.321039,https://en.wikipedia.org/wiki/Shadow_Cat
15,19,2128,22982,14,6590,1.11008,https://en.wikipedia.org/wiki/Shadow_Cat
14,18,2052,22888,19,12187,0.315414,https://en.wikipedia.org/wiki/Shadow_Cat
19,18,2762,22888,17,10574,0.719893,https://en.wikipedia.org/wiki/Shadow_Cat
13,18,1964,22887,19,12187,0.34722,https://en.wikipedia.org/wiki/Shadow_Cat
13,18,1737,22888,15,8915,0.322068,https://en.wikipedia.org/wiki/Shadow_Cat
16,18,2310,22887,17,10551,0.280084,https://en.wikipedia.org/wiki/Shadow_Cat
11,18,980,22888,11,5682,0.291925,https://en.wikipedia.org/wiki/Shadow_Cat
9,18,1321,22888,14,9383,0.306196,https://en.wikipedia.org/wiki/Shadow_Cat
11,18,1044,22888,15,8589,0.293397,https://en.wikipedia.org/wiki/Shadow_Cat
12,18,1876,22888,17,9791,0.294484,https://en.wikipedia.org/wiki/Shadow_Cat
12,18,1649,22890,17,10225,0.298004,https://en.wikipedia.org/wiki/Shadow_Cat
10,18,1183,22889,15,8979,0.290837,https://en.wikipedia.org/wiki/Shadow_Cat
14,17,2052,21342,17,10225,0.302102,https://en.wikipedia.org/wiki/Shadow_Cat
11,18,1271,22889,12,7191,0.289877,https://en.wikipedia.org/wiki/Shadow_Cat
14,18,2052,22889,17,10225,0.372751,https://en.wikipedia.org/wiki/Shadow_Cat
16,19,2228,22984,18,9863,1.093185,https://en.wikipedia.org/wiki/Shadow_Cat
8,18,1233,22889,14,8501,0.289366,https://en.wikipedia.org/wiki/Shadow_Cat
12,19,1371,23614,17,9414,0.423445,https://en.wikipedia.org/wiki/Shadow_Cat
14,18,2052,22889,15,8589,0.328725,https://en.wikipedia.org/wiki/Shadow_Cat
12,15,1887,17878,17,9858,0.293972,https://en.wikipedia.org/wiki/Machiavelli_(surname)
11,15,1282,17878,17,9099,0.2637,https://en.wikipedia.org/wiki/Machiavelli_(surname)
13,15,2020,17417,15,8181,0.817172,https://en.wikipedia.org/wiki/Machiavelli_(surname)
9,17,1925,18079,14,6664,0.356437,https://en.wikipedia.org/wiki/Machiavelli_(surname)
12,14,1887,16330,15,8915,0.288788,https://en.wikipedia.org/wiki/Machiavelli_(surname)
9,15,1611,17878,12,7243,0.24064,https://en.wikipedia.org/wiki/Machiavelli_(surname)
11,15,1282,17879,19,10736,0.302164,https://en.wikipedia.org/wiki/Machiavelli_(surname)
12,15,1887,17878,13,5827,0.278036,https://en.wikipedia.org/wiki/Machiavelli_(surname)
11,18,1258,18389,16,7641,11.526336,https://en.wikipedia.org/wiki/Machiavelli_(surname)
9,15,1559,17878,13,6825,0.288341,https://en.wikipedia.org/wiki/Machiavelli_(surname)
8,15,1535,17879,9,3765,0.280597,https://en.wikipedia.org/wiki/Machiavelli_(surname)
11,15,1282,17878,17,9859,0.305172,https://en.wikipedia.org/wiki/Machiavelli_(surname)
10,15,1723,17879,9,4007,0.284245,https://en.wikipedia.org/wiki/Machiavelli_(surname)
7,14,1435,16330,11,6463,0.24576,https://en.wikipedia.org/wiki/Machiavelli_(surname)
12,15,1887,17880,17,9859,0.581204,https://en.wikipedia.org/wiki/Machiavelli_(surname)
10,13,1711,15606,13,7279,0.274453,https://en.wikipedia.org/wiki/Machiavelli_(surname)
10,15,1194,17879,17,9100,0.273429,https://en.wikipedia.org/wiki/Machiavelli_(surname)
9,14,1106,16330,16,9835,0.305685,https://en.wikipedia.org/wiki/Machiavelli_(surname)
11,15,1799,17879,13,6587,0.251475,https://en.wikipedia.org/wiki/Machiavelli_(surname)
7,15,1145,17878,11,6832,0.245781,https://en.wikipedia.org/wiki/Machiavelli_(surname)
15,19,2149,24385,19,11808,0.324627,https://en.wikipedia.org/wiki/Jean_Michel_Massing
13,21,1949,26026,20,11498,0.898623,https://en.wikipedia.org/wiki/Jean_Michel_Massing
14,20,2085,25931,23,14861,0.567828,https://en.wikipedia.org/wiki/Jean_Michel_Massing
13,20,1973,25932,18,12163,0.269888,https://en.wikipedia.org/wiki/Jean_Michel_Massing
13,19,1973,25831,13,7588,0.304662,https://en.wikipedia.org/wiki/Jean_Michel_Massing
12,18,1885,22835,17,10689,0.266259,https://en.wikipedia.org/wiki/Jean_Michel_Massing
13,20,1737,25931,21,13508,0.274964,https://en.wikipedia.org/wiki/Jean_Michel_Massing
12,20,1885,25932,19,11872,0.282707,https://en.wikipedia.org/wiki/Jean_Michel_Massing
14,20,2061,25931,19,11427,0.280085,https://en.wikipedia.org/wiki/Jean_Michel_Massing
14,18,2073,22836,17,9413,0.262675,https://en.wikipedia.org/wiki/Jean_Michel_Massing
18,20,2991,25933,21,12686,0.330836,https://en.wikipedia.org/wiki/Jean_Michel_Massing
11,19,1797,25208,17,11132,0.358933,https://en.wikipedia.org/wiki/Jean_Michel_Massing
14,20,2061,25933,21,13445,0.272403,https://en.wikipedia.org/wiki/Jean_Michel_Massing
13,19,1973,25574,21,12686,0.285781,https://en.wikipedia.org/wiki/Jean_Michel_Massing
14,19,2061,24386,19,11429,0.257557,https://en.wikipedia.org/wiki/Jean_Michel_Massing
14,18,2061,24026,21,13064,0.284181,https://en.wikipedia.org/wiki/Jean_Michel_Massing
18,23,2482,27016,24,13857,2.910401,https://en.wikipedia.org/wiki/Jean_Michel_Massing
16,19,2261,24385,13,6142,0.33954,https://en.wikipedia.org/wiki/Jean_Michel_Massing
14,19,2061,24384,21,13509,0.290837,https://en.wikipedia.org/wiki/Jean_Michel_Massing
15,20,2149,25933,13,6901,0.273941,https://en.wikipedia.org/wiki/Jean_Michel_Massing
22,34,2765,47818,37,25987,0.430676,https://en.wikipedia.org/wiki/Daniel_David_Palmer
20,34,2525,47817,35,24522,0.429075,https://en.wikipedia.org/wiki/Daniel_David_Palmer
22,33,2765,46270,23,15459,0.318036,https://en.wikipedia.org/wiki/Daniel_David_Palmer
21,33,2677,46269,34,24428,0.274432,https://en.wikipedia.org/wiki/Daniel_David_Palmer
18,35,2361,48542,29,20603,0.356884,https://en.wikipedia.org/wiki/Daniel_David_Palmer
21,34,2441,44921,36,26398,0.9488,https://en.wikipedia.org/wiki/Daniel_David_Palmer
21,31,2689,44527,31,22003,0.288853,https://en.wikipedia.org/wiki/Daniel_David_Palmer
20,34,2589,47816,31,22003,0.291349,https://en.wikipedia.org/wiki/Daniel_David_Palmer
21,34,2689,47817,29,20213,0.314388,https://en.wikipedia.org/wiki/Daniel_David_Palmer
18,34,2401,47818,26,17872,0.25344,https://en.wikipedia.org/wiki/Daniel_David_Palmer
20,34,2353,47818,35,24516,0.308821,https://en.wikipedia.org/wiki/Daniel_David_Palmer
17,32,2325,44722,28,20279,0.284181,https://en.wikipedia.org/wiki/Daniel_David_Palmer
20,33,2589,46271,35,24517,0.274452,https://en.wikipedia.org/wiki/Daniel_David_Palmer
20,34,2589,47818,31,22003,0.317012,https://en.wikipedia.org/wiki/Daniel_David_Palmer
22,34,2810,46534,31,19828,0.386068,https://en.wikipedia.org/wiki/Daniel_David_Palmer
21,34,2413,47819,33,22841,0.568917,https://en.wikipedia.org/wiki/Daniel_David_Palmer
18,33,2413,46271,25,16172,0.298004,https://en.wikipedia.org/wiki/Daniel_David_Palmer
19,34,2501,47818,33,22880,0.289812,https://en.wikipedia.org/wiki/Daniel_David_Palmer
20,34,2589,47817,33,22879,0.299028,https://en.wikipedia.org/wiki/Daniel_David_Palmer
21,34,2677,47817,27,18731,0.297045,https://en.wikipedia.org/wiki/Daniel_David_Palmer
22,37,2761,51496,29,19608,0.302101,https://en.wikipedia.org/wiki/Dougie_Freedman
25,38,3025,53043,35,25275,0.908373,https://en.wikipedia.org/wiki/Dougie_Freedman
21,38,2621,53043,37,27440,0.867925,https://en.wikipedia.org/wiki/Dougie_Freedman
24,39,2949,54593,27,16842,0.313877,https://en.wikipedia.org/wiki/Dougie_Freedman
26,39,3113,53137,40,26726,0.605248,https://en.wikipedia.org/wiki/Dougie_Freedman
24,36,2949,49947,31,22003,0.318484,https://en.wikipedia.org/wiki/Dougie_Freedman
22,38,2529,53045,37,26975,0.854612,https://en.wikipedia.org/wiki/Dougie_Freedman
21,39,2673,54592,34,25187,0.846933,https://en.wikipedia.org/wiki/Dougie_Freedman
21,39,2673,54594,28,19521,0.309269,https://en.wikipedia.org/wiki/Dougie_Freedman
21,37,2673,51497,33,21750,0.299028,https://en.wikipedia.org/wiki/Dougie_Freedman
21,39,2673,54593,29,19608,0.295444,https://en.wikipedia.org/wiki/Dougie_Freedman
26,39,3125,54593,35,24516,0.703573,https://en.wikipedia.org/wiki/Dougie_Freedman
21,39,2685,54592,38,27711,0.292885,https://en.wikipedia.org/wiki/Dougie_Freedman
22,37,2761,51497,23,14329,0.329813,https://en.wikipedia.org/wiki/Dougie_Freedman
23,38,2861,53045,30,21915,0.27648,https://en.wikipedia.org/wiki/Dougie_Freedman
20,38,2597,53046,27,17601,0.314901,https://en.wikipedia.org/wiki/Dougie_Freedman
18,38,2421,53044,17,10627,0.309845,https://en.wikipedia.org/wiki/Dougie_Freedman
16,37,2013,51498,25,17095,0.294421,https://en.wikipedia.org/wiki/Dougie_Freedman
34,40,4081,54686,47,33801,1.024597,https://en.wikipedia.org/wiki/Dougie_Freedman
22,39,2773,54592,37,26680,0.299029,https://en.wikipedia.org/wiki/Dougie_Freedman
19,18,4146,22697,19,11451,1.036884,"https://en.wikipedia.org/wiki/Xiangyang,_Tian%27e_County"
14,18,2068,22697,19,10910,0.267285,"https://en.wikipedia.org/wiki/Xiangyang,_Tian%27e_County"
13,17,1980,21149,17,10033,0.265236,"https://en.wikipedia.org/wiki/Xiangyang,_Tian%27e_County"
13,18,1980,22697,17,10033,0.265813,"https://en.wikipedia.org/wiki/Xiangyang,_Tian%27e_County"
11,17,1804,21668,18,11341,0.26114,"https://en.wikipedia.org/wiki/Xiangyang,_Tian%27e_County"
10,17,1652,21150,15,8336,0.315924,"https://en.wikipedia.org/wiki/Xiangyang,_Tian%27e_County"
12,18,1892,22696,12,6673,0.317973,"https://en.wikipedia.org/wiki/Xiangyang,_Tian%27e_County"
14,18,1563,22697,11,5125,0.342613,"https://en.wikipedia.org/wiki/Xiangyang,_Tian%27e_County"
12,17,1892,21148,17,9791,0.300565,"https://en.wikipedia.org/wiki/Xiangyang,_Tian%27e_County"
13,18,1980,22698,21,13064,0.280597,"https://en.wikipedia.org/wiki/Xiangyang,_Tian%27e_County"
13,18,1980,22699,21,13370,0.597077,"https://en.wikipedia.org/wiki/Xiangyang,_Tian%27e_County"
17,18,2368,22698,23,13006,0.345621,"https://en.wikipedia.org/wiki/Xiangyang,_Tian%27e_County"
12,18,1892,22697,20,12458,0.781397,"https://en.wikipedia.org/wiki/Xiangyang,_Tian%27e_County"
13,18,1980,22697,15,8398,0.30978,"https://en.wikipedia.org/wiki/Xiangyang,_Tian%27e_County"
14,18,2068,22697,19,11427,0.298061,"https://en.wikipedia.org/wiki/Xiangyang,_Tian%27e_County"
11,15,1816,19243,14,8310,0.302606,"https://en.wikipedia.org/wiki/Xiangyang,_Tian%27e_County"
12,18,1892,22699,20,12977,0.270867,"https://en.wikipedia.org/wiki/Xiangyang,_Tian%27e_County"
8,18,704,22697,12,7544,0.268352,"https://en.wikipedia.org/wiki/Xiangyang,_Tian%27e_County"
13,18,1463,22697,13,6762,0.671764,"https://en.wikipedia.org/wiki/Xiangyang,_Tian%27e_County"
12,18,1892,22698,18,11340,0.575061,"https://en.wikipedia.org/wiki/Xiangyang,_Tian%27e_County"
13,16,1968,19933,17,9792,0.546836,https://en.wikipedia.org/wiki/Gearing_family
10,16,1473,19933,13,6520,0.256085,https://en.wikipedia.org/wiki/Gearing_family
7,16,1440,19933,10,5619,0.270869,https://en.wikipedia.org/wiki/Gearing_family
8,14,1011,16838,13,6521,0.266261,https://en.wikipedia.org/wiki/Gearing_family
13,16,1968,19933,13,7279,0.268372,https://en.wikipedia.org/wiki/Gearing_family
11,16,1792,19932,14,8067,0.268308,https://en.wikipedia.org/wiki/Gearing_family
9,16,1616,19932,11,6160,0.346132,https://en.wikipedia.org/wiki/Gearing_family
9,16,1099,19933,9,3248,0.260117,https://en.wikipedia.org/wiki/Gearing_family
10,16,1187,19934,17,10615,1.458836,https://en.wikipedia.org/wiki/Gearing_family
13,16,1968,19934,17,9792,0.292372,https://en.wikipedia.org/wiki/Gearing_family
6,12,1090,12644,9,3123,0.879124,https://en.wikipedia.org/wiki/Gearing_family
13,15,1928,19209,19,12199,0.380949,https://en.wikipedia.org/wiki/Gearing_family
14,16,2068,19934,13,6102,0.386069,https://en.wikipedia.org/wiki/Gearing_family
12,14,1363,16838,17,9792,0.281172,https://en.wikipedia.org/wiki/Gearing_family
9,16,1616,19934,9,3822,0.272916,https://en.wikipedia.org/wiki/Gearing_family
7,7,1440,6187,8,3919,0.243221,https://en.wikipedia.org/wiki/Gearing_family
11,17,1319,18989,13,5197,11.543317,https://en.wikipedia.org/wiki/Gearing_family
9,15,1616,19575,12,7191,0.269331,https://en.wikipedia.org/wiki/Gearing_family
13,16,1992,19933,13,7106,0.262675,https://en.wikipedia.org/wiki/Gearing_family
11,16,1275,19935,19,11429,0.259092,https://en.wikipedia.org/wiki/Gearing_family
10,18,1409,22253,13,7279,0.317011,https://en.wikipedia.org/wiki/Guatemala_at_the_1995_Pan_American_Games
14,19,2094,23802,9,4007,0.312852,https://en.wikipedia.org/wiki/Guatemala_at_the_1995_Pan_American_Games
14,19,2082,23802,21,13065,0.268308,https://en.wikipedia.org/wiki/Guatemala_at_the_1995_Pan_American_Games
13,19,2006,23801,15,7953,0.274003,https://en.wikipedia.org/wiki/Guatemala_at_the_1995_Pan_American_Games
15,19,2194,23801,21,13847,0.2893,https://en.wikipedia.org/wiki/Guatemala_at_the_1995_Pan_American_Games
13,19,1994,23800,19,11427,0.270868,https://en.wikipedia.org/wiki/Guatemala_at_the_1995_Pan_American_Games
24,18,4780,22253,19,11451,1.006676,https://en.wikipedia.org/wiki/Guatemala_at_the_1995_Pan_American_Games
14,20,2083,23902,19,10740,1.150548,https://en.wikipedia.org/wiki/Guatemala_at_the_1995_Pan_American_Games
13,18,1994,22252,15,8470,0.683092,https://en.wikipedia.org/wiki/Guatemala_at_the_1995_Pan_American_Games
12,19,1661,23802,21,12115,0.261652,https://en.wikipedia.org/wiki/Guatemala_at_the_1995_Pan_American_Games
15,20,2182,23915,24,14825,0.882176,https://en.wikipedia.org/wiki/Guatemala_at_the_1995_Pan_American_Games
15,18,2170,22253,21,13823,0.329299,https://en.wikipedia.org/wiki/Guatemala_at_the_1995_Pan_American_Games
11,19,1830,23802,18,11352,0.265748,https://en.wikipedia.org/wiki/Guatemala_at_the_1995_Pan_American_Games
11,18,1818,22253,15,8155,0.289811,https://en.wikipedia.org/wiki/Guatemala_at_the_1995_Pan_American_Games
14,20,2082,23913,20,12299,0.742976,https://en.wikipedia.org/wiki/Guatemala_at_the_1995_Pan_American_Games
14,18,1837,22253,11,4883,0.284179,https://en.wikipedia.org/wiki/Guatemala_at_the_1995_Pan_American_Games
14,19,2082,23803,19,12187,0.665682,https://en.wikipedia.org/wiki/Guatemala_at_the_1995_Pan_American_Games
14,19,2082,23802,21,13064,0.29493,https://en.wikipedia.org/wiki/Guatemala_at_the_1995_Pan_American_Games
13,19,1982,23801,20,12963,0.271873,https://en.wikipedia.org/wiki/Guatemala_at_the_1995_Pan_American_Games
12,19,1377,23802,20,12964,0.246784,https://en.wikipedia.org/wiki/Guatemala_at_the_1995_Pan_American_Games
